0000012345
0000102345
0000120345
0000123045
0000123405
0000123450
0001023450
0001203450
0001230450
0001234050
0001234500
0010234500
0012034500
0012304500
0012340500
0012345000
0102345000
0120345000
0123045000
0123405000
0123450000
1023450000
1203450000
1230450000
1234050000
1234500000
2134500000
2314500000
2341500000
2345100000
2345010000
2345001000
2345000100
2345000010
2345000001
3245000001
3425000001
3452000001
3450200001
3450020001
3450002001
3450000201
3450000021
3450000012
4350000012
4530000012
4503000012
4500300012
4500030012
4500003012
4500000312
4500000132
4500000123
5400000123
5040000123
5004000123
5000400123
5000040123
5000004123
5000001423
5000001243
5000001234
0500001234
0050001234
0005001234
0000501234
0000051234
0000015234
0000012534
0000012354
